110    7.59    5.09   5.09  2.73 3.67 7.08   9.49
115    4.56    2.40   2.40  1.29 1.73 3.33   4.47
120    2.40    1.44   1.44  0.77 1.04 2.01   2.69
124    1.47    1.05   1.05  0.57 0.76 1.47   1.97
130    0.82    0.69   0.69  0.37 0.50 0.96   1.29
135    0.77    0.54   0.54  0.29 0.39 0.76   1.01
140    0.59    0.41   0.41  0.22 0.30 0.57   0.77
150    0.42    0.29   0.29  0.15 0.21 0.40   0.54
160    0.23    0.18   0.18  0.10 0.13 0.25   0.33
170    0.26    0.19   0.19  0.10 0.14 0.26   0.35
180    0.29    0.25   0.25  0.13 0.18 0.35   0.46
190    0.36    0.36   0.36  0.19 0.26 0.50   0.67
200    0.46    0.47   0.47  0.25 0.34 0.66   0.88
250    0.71    0.90   0.90  0.48 0.65 1.25   1.68
300    1.07    0.99   0.99  0.53 0.71 1.38   1.85
350    0.99    0.91   0.91  0.49 0.65 1.26   1.69
400    1.25    0.96   0.96  0.51 0.69 1.33   1.79
450    1.17    1.29   1.29  0.69 0.93 1.80   2.41
500    1.28    1.79   1.79  0.96 1.29 2.49   3.34
550    1.92    2.56   2.56  1.38 1.85 3.57   4.78
600    2.29    3.66   3.66  1.96 2.64 5.09   6.83
