SingleEl	0.000000	1.500000	0.000000	15.000000	0.000000
SingleEl	0.000000	1.500000	15.000000	20.000000	0.000000
SingleEl	0.000000	1.500000	20.000000	22.000000	0.000000
SingleEl	0.000000	1.500000	22.000000	23.000000	0.000000
SingleEl	0.000000	1.500000	23.000000	24.000000	0.000059
SingleEl	0.000000	1.500000	24.000000	25.000000	0.000278
SingleEl	0.000000	1.500000	25.000000	26.000000	0.002432
SingleEl	0.000000	1.500000	26.000000	27.000000	0.020589
SingleEl	0.000000	1.500000	27.000000	28.000000	0.143438
SingleEl	0.000000	1.500000	28.000000	29.000000	0.474157
SingleEl	0.000000	1.500000	29.000000	30.000000	0.748740
SingleEl	0.000000	1.500000	30.000000	31.000000	0.844491
SingleEl	0.000000	1.500000	31.000000	32.000000	0.866465
SingleEl	0.000000	1.500000	32.000000	33.000000	0.872215
SingleEl	0.000000	1.500000	33.000000	35.000000	0.878283
SingleEl	0.000000	1.500000	35.000000	37.000000	0.883133
SingleEl	0.000000	1.500000	37.000000	39.000000	0.891090
SingleEl	0.000000	1.500000	39.000000	41.000000	0.895521
SingleEl	0.000000	1.500000	41.000000	43.000000	0.901132
SingleEl	0.000000	1.500000	43.000000	45.000000	0.905945
SingleEl	0.000000	1.500000	45.000000	47.000000	0.909702
SingleEl	0.000000	1.500000	47.000000	50.000000	0.911375
SingleEl	0.000000	1.500000	50.000000	55.000000	0.918321
SingleEl	0.000000	1.500000	55.000000	60.000000	0.926663
SingleEl	0.000000	1.500000	60.000000	65.000000	0.932437
SingleEl	0.000000	1.500000	65.000000	70.000000	0.936948
SingleEl	0.000000	1.500000	70.000000	80.000000	0.944350
SingleEl	0.000000	1.500000	80.000000	90.000000	0.943150
SingleEl	0.000000	1.500000	90.000000	9999.000000	0.942304
SingleEl	1.500000	2.500000	0.000000	15.000000	0.000000
SingleEl	1.500000	2.500000	15.000000	20.000000	0.000000
SingleEl	1.500000	2.500000	20.000000	22.000000	0.000285
SingleEl	1.500000	2.500000	22.000000	23.000000	0.001150
SingleEl	1.500000	2.500000	23.000000	24.000000	0.005942
SingleEl	1.500000	2.500000	24.000000	25.000000	0.024234
SingleEl	1.500000	2.500000	25.000000	26.000000	0.073578
SingleEl	1.500000	2.500000	26.000000	27.000000	0.184730
SingleEl	1.500000	2.500000	27.000000	28.000000	0.348460
SingleEl	1.500000	2.500000	28.000000	29.000000	0.510093
SingleEl	1.500000	2.500000	29.000000	30.000000	0.599915
SingleEl	1.500000	2.500000	30.000000	31.000000	0.646443
SingleEl	1.500000	2.500000	31.000000	32.000000	0.673754
SingleEl	1.500000	2.500000	32.000000	33.000000	0.686681
SingleEl	1.500000	2.500000	33.000000	35.000000	0.701177
SingleEl	1.500000	2.500000	35.000000	37.000000	0.713634
SingleEl	1.500000	2.500000	37.000000	39.000000	0.727031
SingleEl	1.500000	2.500000	39.000000	41.000000	0.738903
SingleEl	1.500000	2.500000	41.000000	43.000000	0.753023
SingleEl	1.500000	2.500000	43.000000	45.000000	0.765031
SingleEl	1.500000	2.500000	45.000000	47.000000	0.774764
SingleEl	1.500000	2.500000	47.000000	50.000000	0.778814
SingleEl	1.500000	2.500000	50.000000	55.000000	0.787195
SingleEl	1.500000	2.500000	55.000000	60.000000	0.800450
SingleEl	1.500000	2.500000	60.000000	65.000000	0.811855
SingleEl	1.500000	2.500000	65.000000	70.000000	0.819085
SingleEl	1.500000	2.500000	70.000000	80.000000	0.825355
SingleEl	1.500000	2.500000	80.000000	90.000000	0.797368
SingleEl	1.500000	2.500000	90.000000	9999.000000	0.790715
SingleMu	0.000000	1.500000	0.000000	15.000000	0.000033
SingleMu	0.000000	1.500000	15.000000	18.000000	0.000416
SingleMu	0.000000	1.500000	18.000000	20.000000	0.000878
SingleMu	0.000000	1.500000	20.000000	21.000000	0.000845
SingleMu	0.000000	1.500000	21.000000	22.000000	0.001986
SingleMu	0.000000	1.500000	22.000000	23.000000	0.005776
SingleMu	0.000000	1.500000	23.000000	24.000000	0.078932
SingleMu	0.000000	1.500000	24.000000	25.000000	0.835282
SingleMu	0.000000	1.500000	25.000000	26.000000	0.858456
SingleMu	0.000000	1.500000	26.000000	27.000000	0.868002
SingleMu	0.000000	1.500000	27.000000	28.000000	0.868735
SingleMu	0.000000	1.500000	28.000000	29.000000	0.870689
SingleMu	0.000000	1.500000	29.000000	30.000000	0.873777
SingleMu	0.000000	1.500000	30.000000	31.000000	0.877118
SingleMu	0.000000	1.500000	31.000000	32.000000	0.880187
SingleMu	0.000000	1.500000	32.000000	33.000000	0.882311
SingleMu	0.000000	1.500000	33.000000	35.000000	0.885467
SingleMu	0.000000	1.500000	35.000000	37.000000	0.888119
SingleMu	0.000000	1.500000	37.000000	39.000000	0.889955
SingleMu	0.000000	1.500000	39.000000	41.000000	0.890424
SingleMu	0.000000	1.500000	41.000000	43.000000	0.891668
SingleMu	0.000000	1.500000	43.000000	45.000000	0.894953
SingleMu	0.000000	1.500000	45.000000	47.000000	0.897661
SingleMu	0.000000	1.500000	47.000000	50.000000	0.899565
SingleMu	0.000000	1.500000	50.000000	55.000000	0.903535
SingleMu	0.000000	1.500000	55.000000	60.000000	0.909351
SingleMu	0.000000	1.500000	60.000000	65.000000	0.911204
SingleMu	0.000000	1.500000	65.000000	70.000000	0.911727
SingleMu	0.000000	1.500000	70.000000	90.000000	0.915627
SingleMu	0.000000	1.500000	90.000000	9999.000000	0.936510
SingleMu	1.500000	2.100000	0.000000	15.000000	0.000070
SingleMu	1.500000	2.100000	15.000000	18.000000	0.000186
SingleMu	1.500000	2.100000	18.000000	20.000000	0.000845
SingleMu	1.500000	2.100000	20.000000	21.000000	0.001195
SingleMu	1.500000	2.100000	21.000000	22.000000	0.003599
SingleMu	1.500000	2.100000	22.000000	23.000000	0.012687
SingleMu	1.500000	2.100000	23.000000	24.000000	0.220973
SingleMu	1.500000	2.100000	24.000000	25.000000	0.776887
SingleMu	1.500000	2.100000	25.000000	26.000000	0.789435
SingleMu	1.500000	2.100000	26.000000	27.000000	0.787655
SingleMu	1.500000	2.100000	27.000000	28.000000	0.785843
SingleMu	1.500000	2.100000	28.000000	29.000000	0.790023
SingleMu	1.500000	2.100000	29.000000	30.000000	0.789966
SingleMu	1.500000	2.100000	30.000000	31.000000	0.790969
SingleMu	1.500000	2.100000	31.000000	32.000000	0.791651
SingleMu	1.500000	2.100000	32.000000	33.000000	0.790891
SingleMu	1.500000	2.100000	33.000000	35.000000	0.792413
SingleMu	1.500000	2.100000	35.000000	37.000000	0.792022
SingleMu	1.500000	2.100000	37.000000	39.000000	0.797155
SingleMu	1.500000	2.100000	39.000000	41.000000	0.800883
SingleMu	1.500000	2.100000	41.000000	43.000000	0.806895
SingleMu	1.500000	2.100000	43.000000	45.000000	0.812036
SingleMu	1.500000	2.100000	45.000000	47.000000	0.816699
SingleMu	1.500000	2.100000	47.000000	50.000000	0.817104
SingleMu	1.500000	2.100000	50.000000	55.000000	0.826689
SingleMu	1.500000	2.100000	55.000000	60.000000	0.834465
SingleMu	1.500000	2.100000	60.000000	65.000000	0.836277
SingleMu	1.500000	2.100000	65.000000	70.000000	0.832385
SingleMu	1.500000	2.100000	70.000000	90.000000	0.842247
SingleMu	1.500000	2.100000	90.000000	9999.000000	0.887475
SingleMu	2.100000	2.500000	0.000000	15.000000	0.000000
SingleMu	2.100000	2.500000	15.000000	18.000000	0.000000
SingleMu	2.100000	2.500000	18.000000	20.000000	0.000000
SingleMu	2.100000	2.500000	20.000000	21.000000	0.000000
SingleMu	2.100000	2.500000	21.000000	22.000000	0.000000
SingleMu	2.100000	2.500000	22.000000	23.000000	0.000000
SingleMu	2.100000	2.500000	23.000000	24.000000	0.000000
SingleMu	2.100000	2.500000	24.000000	25.000000	0.000000
SingleMu	2.100000	2.500000	25.000000	26.000000	0.000052
SingleMu	2.100000	2.500000	26.000000	27.000000	0.000068
SingleMu	2.100000	2.500000	27.000000	28.000000	0.000000
SingleMu	2.100000	2.500000	28.000000	29.000000	0.000124
SingleMu	2.100000	2.500000	29.000000	30.000000	0.000073
SingleMu	2.100000	2.500000	30.000000	31.000000	0.000236
SingleMu	2.100000	2.500000	31.000000	32.000000	0.000000
SingleMu	2.100000	2.500000	32.000000	33.000000	0.000113
SingleMu	2.100000	2.500000	33.000000	35.000000	0.000013
SingleMu	2.100000	2.500000	35.000000	37.000000	0.000092
SingleMu	2.100000	2.500000	37.000000	39.000000	0.000073
SingleMu	2.100000	2.500000	39.000000	41.000000	0.000099
SingleMu	2.100000	2.500000	41.000000	43.000000	0.000080
SingleMu	2.100000	2.500000	43.000000	45.000000	0.000107
SingleMu	2.100000	2.500000	45.000000	47.000000	0.000080
SingleMu	2.100000	2.500000	47.000000	50.000000	0.000084
SingleMu	2.100000	2.500000	50.000000	55.000000	0.000063
SingleMu	2.100000	2.500000	55.000000	60.000000	0.000222
SingleMu	2.100000	2.500000	60.000000	65.000000	0.000141
SingleMu	2.100000	2.500000	65.000000	70.000000	0.000000
SingleMu	2.100000	2.500000	70.000000	90.000000	0.000060
SingleMu	2.100000	2.500000	90.000000	9999.000000	0.000196
DoubleElLead	0.000000	1.500000	0.000000	11.000000	0.000000
DoubleElLead	0.000000	1.500000	11.000000	12.000000	0.000000
DoubleElLead	0.000000	1.500000	12.000000	13.000000	0.000360
DoubleElLead	0.000000	1.500000	13.000000	14.000000	0.000268
DoubleElLead	0.000000	1.500000	14.000000	15.000000	0.000000
DoubleElLead	0.000000	1.500000	15.000000	16.000000	0.000000
DoubleElLead	0.000000	1.500000	16.000000	17.000000	0.015208
DoubleElLead	0.000000	1.500000	17.000000	18.000000	0.213426
DoubleElLead	0.000000	1.500000	18.000000	19.000000	0.682239
DoubleElLead	0.000000	1.500000	19.000000	20.000000	0.884664
DoubleElLead	0.000000	1.500000	20.000000	21.000000	0.914619
DoubleElLead	0.000000	1.500000	21.000000	22.000000	0.926257
DoubleElLead	0.000000	1.500000	22.000000	23.000000	0.940191
DoubleElLead	0.000000	1.500000	23.000000	24.000000	0.940836
DoubleElLead	0.000000	1.500000	24.000000	25.000000	0.951375
DoubleElLead	0.000000	1.500000	25.000000	26.000000	0.954308
DoubleElLead	0.000000	1.500000	26.000000	27.000000	0.959583
DoubleElLead	0.000000	1.500000	27.000000	28.000000	0.961649
DoubleElLead	0.000000	1.500000	28.000000	29.000000	0.965718
DoubleElLead	0.000000	1.500000	29.000000	30.000000	0.969289
DoubleElLead	0.000000	1.500000	30.000000	31.000000	0.970727
DoubleElLead	0.000000	1.500000	31.000000	32.000000	0.971534
DoubleElLead	0.000000	1.500000	32.000000	33.000000	0.970773
DoubleElLead	0.000000	1.500000	33.000000	35.000000	0.972572
DoubleElLead	0.000000	1.500000	35.000000	37.000000	0.973150
DoubleElLead	0.000000	1.500000	37.000000	39.000000	0.973137
DoubleElLead	0.000000	1.500000	39.000000	41.000000	0.973649
DoubleElLead	0.000000	1.500000	41.000000	43.000000	0.975419
DoubleElLead	0.000000	1.500000	43.000000	45.000000	0.975717
DoubleElLead	0.000000	1.500000	45.000000	47.000000	0.976488
DoubleElLead	0.000000	1.500000	47.000000	50.000000	0.976581
DoubleElLead	0.000000	1.500000	50.000000	55.000000	0.978177
DoubleElLead	0.000000	1.500000	55.000000	60.000000	0.979605
DoubleElLead	0.000000	1.500000	60.000000	65.000000	0.981670
DoubleElLead	0.000000	1.500000	65.000000	70.000000	0.981587
DoubleElLead	0.000000	1.500000	70.000000	80.000000	0.982765
DoubleElLead	0.000000	1.500000	80.000000	90.000000	0.982819
DoubleElLead	0.000000	1.500000	90.000000	9999.000000	0.984667
DoubleElLead	1.500000	2.500000	0.000000	11.000000	0.000000
DoubleElLead	1.500000	2.500000	11.000000	12.000000	0.000000
DoubleElLead	1.500000	2.500000	12.000000	13.000000	0.000000
DoubleElLead	1.500000	2.500000	13.000000	14.000000	0.001039
DoubleElLead	1.500000	2.500000	14.000000	15.000000	0.001796
DoubleElLead	1.500000	2.500000	15.000000	16.000000	0.033551
DoubleElLead	1.500000	2.500000	16.000000	17.000000	0.167081
DoubleElLead	1.500000	2.500000	17.000000	18.000000	0.433864
DoubleElLead	1.500000	2.500000	18.000000	19.000000	0.714505
DoubleElLead	1.500000	2.500000	19.000000	20.000000	0.809482
DoubleElLead	1.500000	2.500000	20.000000	21.000000	0.864980
DoubleElLead	1.500000	2.500000	21.000000	22.000000	0.892909
DoubleElLead	1.500000	2.500000	22.000000	23.000000	0.915688
DoubleElLead	1.500000	2.500000	23.000000	24.000000	0.922664
DoubleElLead	1.500000	2.500000	24.000000	25.000000	0.933851
DoubleElLead	1.500000	2.500000	25.000000	26.000000	0.948033
DoubleElLead	1.500000	2.500000	26.000000	27.000000	0.950169
DoubleElLead	1.500000	2.500000	27.000000	28.000000	0.956532
DoubleElLead	1.500000	2.500000	28.000000	29.000000	0.961244
DoubleElLead	1.500000	2.500000	29.000000	30.000000	0.963209
DoubleElLead	1.500000	2.500000	30.000000	31.000000	0.967962
DoubleElLead	1.500000	2.500000	31.000000	32.000000	0.967522
DoubleElLead	1.500000	2.500000	32.000000	33.000000	0.969860
DoubleElLead	1.500000	2.500000	33.000000	35.000000	0.971478
DoubleElLead	1.500000	2.500000	35.000000	37.000000	0.974757
DoubleElLead	1.500000	2.500000	37.000000	39.000000	0.975886
DoubleElLead	1.500000	2.500000	39.000000	41.000000	0.978533
DoubleElLead	1.500000	2.500000	41.000000	43.000000	0.980891
DoubleElLead	1.500000	2.500000	43.000000	45.000000	0.983296
DoubleElLead	1.500000	2.500000	45.000000	47.000000	0.984620
DoubleElLead	1.500000	2.500000	47.000000	50.000000	0.985095
DoubleElLead	1.500000	2.500000	50.000000	55.000000	0.985561
DoubleElLead	1.500000	2.500000	55.000000	60.000000	0.988028
DoubleElLead	1.500000	2.500000	60.000000	65.000000	0.987906
DoubleElLead	1.500000	2.500000	65.000000	70.000000	0.989039
DoubleElLead	1.500000	2.500000	70.000000	80.000000	0.989409
DoubleElLead	1.500000	2.500000	80.000000	90.000000	0.990769
DoubleElLead	1.500000	2.500000	90.000000	9999.000000	0.990140
DoubleElTrail	0.000000	1.500000	0.000000	11.000000	0.574290
DoubleElTrail	0.000000	1.500000	11.000000	12.000000	0.684568
DoubleElTrail	0.000000	1.500000	12.000000	13.000000	0.742185
DoubleElTrail	0.000000	1.500000	13.000000	14.000000	0.785577
DoubleElTrail	0.000000	1.500000	14.000000	15.000000	0.834012
DoubleElTrail	0.000000	1.500000	15.000000	16.000000	0.855230
DoubleElTrail	0.000000	1.500000	16.000000	17.000000	0.887442
DoubleElTrail	0.000000	1.500000	17.000000	18.000000	0.901512
DoubleElTrail	0.000000	1.500000	18.000000	19.000000	0.908206
DoubleElTrail	0.000000	1.500000	19.000000	20.000000	0.930370
DoubleElTrail	0.000000	1.500000	20.000000	21.000000	0.925021
DoubleElTrail	0.000000	1.500000	21.000000	22.000000	0.928132
DoubleElTrail	0.000000	1.500000	22.000000	23.000000	0.939598
DoubleElTrail	0.000000	1.500000	23.000000	24.000000	0.941460
DoubleElTrail	0.000000	1.500000	24.000000	25.000000	0.948895
DoubleElTrail	0.000000	1.500000	25.000000	26.000000	0.950814
DoubleElTrail	0.000000	1.500000	26.000000	27.000000	0.954350
DoubleElTrail	0.000000	1.500000	27.000000	28.000000	0.955163
DoubleElTrail	0.000000	1.500000	28.000000	29.000000	0.957553
DoubleElTrail	0.000000	1.500000	29.000000	30.000000	0.958708
DoubleElTrail	0.000000	1.500000	30.000000	31.000000	0.960920
DoubleElTrail	0.000000	1.500000	31.000000	32.000000	0.960844
DoubleElTrail	0.000000	1.500000	32.000000	33.000000	0.960327
DoubleElTrail	0.000000	1.500000	33.000000	35.000000	0.961000
DoubleElTrail	0.000000	1.500000	35.000000	37.000000	0.962309
DoubleElTrail	0.000000	1.500000	37.000000	39.000000	0.962455
DoubleElTrail	0.000000	1.500000	39.000000	41.000000	0.962789
DoubleElTrail	0.000000	1.500000	41.000000	43.000000	0.964756
DoubleElTrail	0.000000	1.500000	43.000000	45.000000	0.964956
DoubleElTrail	0.000000	1.500000	45.000000	47.000000	0.966122
DoubleElTrail	0.000000	1.500000	47.000000	50.000000	0.965906
DoubleElTrail	0.000000	1.500000	50.000000	55.000000	0.967286
DoubleElTrail	0.000000	1.500000	55.000000	60.000000	0.969016
DoubleElTrail	0.000000	1.500000	60.000000	65.000000	0.971244
DoubleElTrail	0.000000	1.500000	65.000000	70.000000	0.971577
DoubleElTrail	0.000000	1.500000	70.000000	80.000000	0.971329
DoubleElTrail	0.000000	1.500000	80.000000	90.000000	0.972891
DoubleElTrail	0.000000	1.500000	90.000000	9999.000000	0.973806
DoubleElTrail	1.500000	2.500000	0.000000	11.000000	0.332647
DoubleElTrail	1.500000	2.500000	11.000000	12.000000	0.443690
DoubleElTrail	1.500000	2.500000	12.000000	13.000000	0.522133
DoubleElTrail	1.500000	2.500000	13.000000	14.000000	0.609071
DoubleElTrail	1.500000	2.500000	14.000000	15.000000	0.660435
DoubleElTrail	1.500000	2.500000	15.000000	16.000000	0.720195
DoubleElTrail	1.500000	2.500000	16.000000	17.000000	0.761503
DoubleElTrail	1.500000	2.500000	17.000000	18.000000	0.783911
DoubleElTrail	1.500000	2.500000	18.000000	19.000000	0.828107
DoubleElTrail	1.500000	2.500000	19.000000	20.000000	0.846036
DoubleElTrail	1.500000	2.500000	20.000000	21.000000	0.861421
DoubleElTrail	1.500000	2.500000	21.000000	22.000000	0.878400
DoubleElTrail	1.500000	2.500000	22.000000	23.000000	0.896424
DoubleElTrail	1.500000	2.500000	23.000000	24.000000	0.904026
DoubleElTrail	1.500000	2.500000	24.000000	25.000000	0.913865
DoubleElTrail	1.500000	2.500000	25.000000	26.000000	0.928646
DoubleElTrail	1.500000	2.500000	26.000000	27.000000	0.929587
DoubleElTrail	1.500000	2.500000	27.000000	28.000000	0.940113
DoubleElTrail	1.500000	2.500000	28.000000	29.000000	0.942230
DoubleElTrail	1.500000	2.500000	29.000000	30.000000	0.946787
DoubleElTrail	1.500000	2.500000	30.000000	31.000000	0.949081
DoubleElTrail	1.500000	2.500000	31.000000	32.000000	0.949865
DoubleElTrail	1.500000	2.500000	32.000000	33.000000	0.952029
DoubleElTrail	1.500000	2.500000	33.000000	35.000000	0.953335
DoubleElTrail	1.500000	2.500000	35.000000	37.000000	0.957152
DoubleElTrail	1.500000	2.500000	37.000000	39.000000	0.958464
DoubleElTrail	1.500000	2.500000	39.000000	41.000000	0.961586
DoubleElTrail	1.500000	2.500000	41.000000	43.000000	0.963427
DoubleElTrail	1.500000	2.500000	43.000000	45.000000	0.965880
DoubleElTrail	1.500000	2.500000	45.000000	47.000000	0.967878
DoubleElTrail	1.500000	2.500000	47.000000	50.000000	0.967942
DoubleElTrail	1.500000	2.500000	50.000000	55.000000	0.969211
DoubleElTrail	1.500000	2.500000	55.000000	60.000000	0.972605
DoubleElTrail	1.500000	2.500000	60.000000	65.000000	0.971066
DoubleElTrail	1.500000	2.500000	65.000000	70.000000	0.971816
DoubleElTrail	1.500000	2.500000	70.000000	80.000000	0.974503
DoubleElTrail	1.500000	2.500000	80.000000	90.000000	0.972804
DoubleElTrail	1.500000	2.500000	90.000000	9999.000000	0.974927
DoubleMuLead	0.000000	1.500000	0.000000	11.000000	0.000858
DoubleMuLead	0.000000	1.500000	11.000000	12.000000	0.003214
DoubleMuLead	0.000000	1.500000	12.000000	13.000000	0.004956
DoubleMuLead	0.000000	1.500000	13.000000	14.000000	0.003215
DoubleMuLead	0.000000	1.500000	14.000000	15.000000	0.006139
DoubleMuLead	0.000000	1.500000	15.000000	16.000000	0.005729
DoubleMuLead	0.000000	1.500000	16.000000	17.000000	0.047533
DoubleMuLead	0.000000	1.500000	17.000000	18.000000	0.874312
DoubleMuLead	0.000000	1.500000	18.000000	19.000000	0.922328
DoubleMuLead	0.000000	1.500000	19.000000	20.000000	0.934096
DoubleMuLead	0.000000	1.500000	20.000000	21.000000	0.930015
DoubleMuLead	0.000000	1.500000	21.000000	22.000000	0.928375
DoubleMuLead	0.000000	1.500000	22.000000	23.000000	0.933852
DoubleMuLead	0.000000	1.500000	23.000000	24.000000	0.936484
DoubleMuLead	0.000000	1.500000	24.000000	25.000000	0.948790
DoubleMuLead	0.000000	1.500000	25.000000	26.000000	0.948572
DoubleMuLead	0.000000	1.500000	26.000000	27.000000	0.952528
DoubleMuLead	0.000000	1.500000	27.000000	28.000000	0.948397
DoubleMuLead	0.000000	1.500000	28.000000	29.000000	0.947404
DoubleMuLead	0.000000	1.500000	29.000000	30.000000	0.946194
DoubleMuLead	0.000000	1.500000	30.000000	31.000000	0.947084
DoubleMuLead	0.000000	1.500000	31.000000	32.000000	0.947625
DoubleMuLead	0.000000	1.500000	32.000000	33.000000	0.946749
DoubleMuLead	0.000000	1.500000	33.000000	35.000000	0.945525
DoubleMuLead	0.000000	1.500000	35.000000	37.000000	0.945443
DoubleMuLead	0.000000	1.500000	37.000000	39.000000	0.944370
DoubleMuLead	0.000000	1.500000	39.000000	41.000000	0.942899
DoubleMuLead	0.000000	1.500000	41.000000	43.000000	0.942398
DoubleMuLead	0.000000	1.500000	43.000000	45.000000	0.942692
DoubleMuLead	0.000000	1.500000	45.000000	47.000000	0.943194
DoubleMuLead	0.000000	1.500000	47.000000	50.000000	0.943021
DoubleMuLead	0.000000	1.500000	50.000000	55.000000	0.944218
DoubleMuLead	0.000000	1.500000	55.000000	60.000000	0.947850
DoubleMuLead	0.000000	1.500000	60.000000	65.000000	0.948173
DoubleMuLead	0.000000	1.500000	65.000000	70.000000	0.946637
DoubleMuLead	0.000000	1.500000	70.000000	90.000000	0.947513
DoubleMuLead	0.000000	1.500000	90.000000	9999.000000	0.964619
DoubleMuLead	1.500000	2.100000	0.000000	11.000000	0.001213
DoubleMuLead	1.500000	2.100000	11.000000	12.000000	0.002086
DoubleMuLead	1.500000	2.100000	12.000000	13.000000	0.002686
DoubleMuLead	1.500000	2.100000	13.000000	14.000000	0.003251
DoubleMuLead	1.500000	2.100000	14.000000	15.000000	0.005126
DoubleMuLead	1.500000	2.100000	15.000000	16.000000	0.008463
DoubleMuLead	1.500000	2.100000	16.000000	17.000000	0.152241
DoubleMuLead	1.500000	2.100000	17.000000	18.000000	0.855706
DoubleMuLead	1.500000	2.100000	18.000000	19.000000	0.868116
DoubleMuLead	1.500000	2.100000	19.000000	20.000000	0.882794
DoubleMuLead	1.500000	2.100000	20.000000	21.000000	0.889142
DoubleMuLead	1.500000	2.100000	21.000000	22.000000	0.880658
DoubleMuLead	1.500000	2.100000	22.000000	23.000000	0.893158
DoubleMuLead	1.500000	2.100000	23.000000	24.000000	0.897501
DoubleMuLead	1.500000	2.100000	24.000000	25.000000	0.918105
DoubleMuLead	1.500000	2.100000	25.000000	26.000000	0.916142
DoubleMuLead	1.500000	2.100000	26.000000	27.000000	0.909507
DoubleMuLead	1.500000	2.100000	27.000000	28.000000	0.905749
DoubleMuLead	1.500000	2.100000	28.000000	29.000000	0.906668
DoubleMuLead	1.500000	2.100000	29.000000	30.000000	0.903989
DoubleMuLead	1.500000	2.100000	30.000000	31.000000	0.903274
DoubleMuLead	1.500000	2.100000	31.000000	32.000000	0.902810
DoubleMuLead	1.500000	2.100000	32.000000	33.000000	0.901458
DoubleMuLead	1.500000	2.100000	33.000000	35.000000	0.898971
DoubleMuLead	1.500000	2.100000	35.000000	37.000000	0.895536
DoubleMuLead	1.500000	2.100000	37.000000	39.000000	0.896540
DoubleMuLead	1.500000	2.100000	39.000000	41.000000	0.895187
DoubleMuLead	1.500000	2.100000	41.000000	43.000000	0.896504
DoubleMuLead	1.500000	2.100000	43.000000	45.000000	0.898893
DoubleMuLead	1.500000	2.100000	45.000000	47.000000	0.901033
DoubleMuLead	1.500000	2.100000	47.000000	50.000000	0.899376
DoubleMuLead	1.500000	2.100000	50.000000	55.000000	0.903482
DoubleMuLead	1.500000	2.100000	55.000000	60.000000	0.908864
DoubleMuLead	1.500000	2.100000	60.000000	65.000000	0.908636
DoubleMuLead	1.500000	2.100000	65.000000	70.000000	0.903698
DoubleMuLead	1.500000	2.100000	70.000000	90.000000	0.908419
DoubleMuLead	1.500000	2.100000	90.000000	9999.000000	0.940434
DoubleMuLead	2.100000	2.500000	0.000000	11.000000	0.003356
DoubleMuLead	2.100000	2.500000	11.000000	12.000000	0.007766
DoubleMuLead	2.100000	2.500000	12.000000	13.000000	0.008691
DoubleMuLead	2.100000	2.500000	13.000000	14.000000	0.009120
DoubleMuLead	2.100000	2.500000	14.000000	15.000000	0.009441
DoubleMuLead	2.100000	2.500000	15.000000	16.000000	0.016966
DoubleMuLead	2.100000	2.500000	16.000000	17.000000	0.163857
DoubleMuLead	2.100000	2.500000	17.000000	18.000000	0.779197
DoubleMuLead	2.100000	2.500000	18.000000	19.000000	0.765232
DoubleMuLead	2.100000	2.500000	19.000000	20.000000	0.809151
DoubleMuLead	2.100000	2.500000	20.000000	21.000000	0.796701
DoubleMuLead	2.100000	2.500000	21.000000	22.000000	0.812932
DoubleMuLead	2.100000	2.500000	22.000000	23.000000	0.823694
DoubleMuLead	2.100000	2.500000	23.000000	24.000000	0.818796
DoubleMuLead	2.100000	2.500000	24.000000	25.000000	0.825040
DoubleMuLead	2.100000	2.500000	25.000000	26.000000	0.823608
DoubleMuLead	2.100000	2.500000	26.000000	27.000000	0.835498
DoubleMuLead	2.100000	2.500000	27.000000	28.000000	0.838345
DoubleMuLead	2.100000	2.500000	28.000000	29.000000	0.847822
DoubleMuLead	2.100000	2.500000	29.000000	30.000000	0.844235
DoubleMuLead	2.100000	2.500000	30.000000	31.000000	0.852976
DoubleMuLead	2.100000	2.500000	31.000000	32.000000	0.853457
DoubleMuLead	2.100000	2.500000	32.000000	33.000000	0.853646
DoubleMuLead	2.100000	2.500000	33.000000	35.000000	0.861045
DoubleMuLead	2.100000	2.500000	35.000000	37.000000	0.857550
DoubleMuLead	2.100000	2.500000	37.000000	39.000000	0.858196
DoubleMuLead	2.100000	2.500000	39.000000	41.000000	0.864947
DoubleMuLead	2.100000	2.500000	41.000000	43.000000	0.871217
DoubleMuLead	2.100000	2.500000	43.000000	45.000000	0.873076
DoubleMuLead	2.100000	2.500000	45.000000	47.000000	0.878905
DoubleMuLead	2.100000	2.500000	47.000000	50.000000	0.877997
DoubleMuLead	2.100000	2.500000	50.000000	55.000000	0.888068
DoubleMuLead	2.100000	2.500000	55.000000	60.000000	0.887873
DoubleMuLead	2.100000	2.500000	60.000000	65.000000	0.896235
DoubleMuLead	2.100000	2.500000	65.000000	70.000000	0.888036
DoubleMuLead	2.100000	2.500000	70.000000	90.000000	0.890106
DoubleMuLead	2.100000	2.500000	90.000000	9999.000000	0.964800
DoubleMuTrail	0.000000	1.500000	0.000000	11.000000	0.918318
DoubleMuTrail	0.000000	1.500000	11.000000	12.000000	0.908970
DoubleMuTrail	0.000000	1.500000	12.000000	13.000000	0.920125
DoubleMuTrail	0.000000	1.500000	13.000000	14.000000	0.935744
DoubleMuTrail	0.000000	1.500000	14.000000	15.000000	0.902217
DoubleMuTrail	0.000000	1.500000	15.000000	16.000000	0.899512
DoubleMuTrail	0.000000	1.500000	16.000000	17.000000	0.925021
DoubleMuTrail	0.000000	1.500000	17.000000	18.000000	0.906565
DoubleMuTrail	0.000000	1.500000	18.000000	19.000000	0.933089
DoubleMuTrail	0.000000	1.500000	19.000000	20.000000	0.942899
DoubleMuTrail	0.000000	1.500000	20.000000	21.000000	0.937723
DoubleMuTrail	0.000000	1.500000	21.000000	22.000000	0.935462
DoubleMuTrail	0.000000	1.500000	22.000000	23.000000	0.940329
DoubleMuTrail	0.000000	1.500000	23.000000	24.000000	0.941953
DoubleMuTrail	0.000000	1.500000	24.000000	25.000000	0.956577
DoubleMuTrail	0.000000	1.500000	25.000000	26.000000	0.956450
DoubleMuTrail	0.000000	1.500000	26.000000	27.000000	0.959714
DoubleMuTrail	0.000000	1.500000	27.000000	28.000000	0.956026
DoubleMuTrail	0.000000	1.500000	28.000000	29.000000	0.955278
DoubleMuTrail	0.000000	1.500000	29.000000	30.000000	0.953335
DoubleMuTrail	0.000000	1.500000	30.000000	31.000000	0.954220
DoubleMuTrail	0.000000	1.500000	31.000000	32.000000	0.954740
DoubleMuTrail	0.000000	1.500000	32.000000	33.000000	0.953787
DoubleMuTrail	0.000000	1.500000	33.000000	35.000000	0.952181
DoubleMuTrail	0.000000	1.500000	35.000000	37.000000	0.952059
DoubleMuTrail	0.000000	1.500000	37.000000	39.000000	0.950892
DoubleMuTrail	0.000000	1.500000	39.000000	41.000000	0.949285
DoubleMuTrail	0.000000	1.500000	41.000000	43.000000	0.948703
DoubleMuTrail	0.000000	1.500000	43.000000	45.000000	0.948498
DoubleMuTrail	0.000000	1.500000	45.000000	47.000000	0.948801
DoubleMuTrail	0.000000	1.500000	47.000000	50.000000	0.948600
DoubleMuTrail	0.000000	1.500000	50.000000	55.000000	0.949884
DoubleMuTrail	0.000000	1.500000	55.000000	60.000000	0.953249
DoubleMuTrail	0.000000	1.500000	60.000000	65.000000	0.953160
DoubleMuTrail	0.000000	1.500000	65.000000	70.000000	0.951678
DoubleMuTrail	0.000000	1.500000	70.000000	90.000000	0.952389
DoubleMuTrail	0.000000	1.500000	90.000000	9999.000000	0.968697
DoubleMuTrail	1.500000	2.100000	0.000000	11.000000	0.841946
DoubleMuTrail	1.500000	2.100000	11.000000	12.000000	0.941422
DoubleMuTrail	1.500000	2.100000	12.000000	13.000000	0.930049
DoubleMuTrail	1.500000	2.100000	13.000000	14.000000	0.932953
DoubleMuTrail	1.500000	2.100000	14.000000	15.000000	0.923269
DoubleMuTrail	1.500000	2.100000	15.000000	16.000000	0.946551
DoubleMuTrail	1.500000	2.100000	16.000000	17.000000	0.918174
DoubleMuTrail	1.500000	2.100000	17.000000	18.000000	0.912270
DoubleMuTrail	1.500000	2.100000	18.000000	19.000000	0.901872
DoubleMuTrail	1.500000	2.100000	19.000000	20.000000	0.911001
DoubleMuTrail	1.500000	2.100000	20.000000	21.000000	0.913433
DoubleMuTrail	1.500000	2.100000	21.000000	22.000000	0.905057
DoubleMuTrail	1.500000	2.100000	22.000000	23.000000	0.913611
DoubleMuTrail	1.500000	2.100000	23.000000	24.000000	0.915235
DoubleMuTrail	1.500000	2.100000	24.000000	25.000000	0.934014
DoubleMuTrail	1.500000	2.100000	25.000000	26.000000	0.930740
DoubleMuTrail	1.500000	2.100000	26.000000	27.000000	0.924353
DoubleMuTrail	1.500000	2.100000	27.000000	28.000000	0.919683
DoubleMuTrail	1.500000	2.100000	28.000000	29.000000	0.919884
DoubleMuTrail	1.500000	2.100000	29.000000	30.000000	0.917483
DoubleMuTrail	1.500000	2.100000	30.000000	31.000000	0.916372
DoubleMuTrail	1.500000	2.100000	31.000000	32.000000	0.916016
DoubleMuTrail	1.500000	2.100000	32.000000	33.000000	0.914094
DoubleMuTrail	1.500000	2.100000	33.000000	35.000000	0.911090
DoubleMuTrail	1.500000	2.100000	35.000000	37.000000	0.907953
DoubleMuTrail	1.500000	2.100000	37.000000	39.000000	0.908866
DoubleMuTrail	1.500000	2.100000	39.000000	41.000000	0.907491
DoubleMuTrail	1.500000	2.100000	41.000000	43.000000	0.909451
DoubleMuTrail	1.500000	2.100000	43.000000	45.000000	0.911538
DoubleMuTrail	1.500000	2.100000	45.000000	47.000000	0.913078
DoubleMuTrail	1.500000	2.100000	47.000000	50.000000	0.911809
DoubleMuTrail	1.500000	2.100000	50.000000	55.000000	0.915148
DoubleMuTrail	1.500000	2.100000	55.000000	60.000000	0.919376
DoubleMuTrail	1.500000	2.100000	60.000000	65.000000	0.919460
DoubleMuTrail	1.500000	2.100000	65.000000	70.000000	0.912850
DoubleMuTrail	1.500000	2.100000	70.000000	90.000000	0.917958
DoubleMuTrail	1.500000	2.100000	90.000000	9999.000000	0.948250
DoubleMuTrail	2.100000	2.500000	0.000000	11.000000	0.928724
DoubleMuTrail	2.100000	2.500000	11.000000	12.000000	0.870934
DoubleMuTrail	2.100000	2.500000	12.000000	13.000000	0.863163
DoubleMuTrail	2.100000	2.500000	13.000000	14.000000	0.894923
DoubleMuTrail	2.100000	2.500000	14.000000	15.000000	0.887362
DoubleMuTrail	2.100000	2.500000	15.000000	16.000000	0.868607
DoubleMuTrail	2.100000	2.500000	16.000000	17.000000	0.920739
DoubleMuTrail	2.100000	2.500000	17.000000	18.000000	0.927748
DoubleMuTrail	2.100000	2.500000	18.000000	19.000000	0.879346
DoubleMuTrail	2.100000	2.500000	19.000000	20.000000	0.914945
DoubleMuTrail	2.100000	2.500000	20.000000	21.000000	0.885647
DoubleMuTrail	2.100000	2.500000	21.000000	22.000000	0.895134
DoubleMuTrail	2.100000	2.500000	22.000000	23.000000	0.899524
DoubleMuTrail	2.100000	2.500000	23.000000	24.000000	0.889137
DoubleMuTrail	2.100000	2.500000	24.000000	25.000000	0.890277
DoubleMuTrail	2.100000	2.500000	25.000000	26.000000	0.892557
DoubleMuTrail	2.100000	2.500000	26.000000	27.000000	0.895357
DoubleMuTrail	2.100000	2.500000	27.000000	28.000000	0.899792
DoubleMuTrail	2.100000	2.500000	28.000000	29.000000	0.902797
DoubleMuTrail	2.100000	2.500000	29.000000	30.000000	0.898263
DoubleMuTrail	2.100000	2.500000	30.000000	31.000000	0.902866
DoubleMuTrail	2.100000	2.500000	31.000000	32.000000	0.904018
DoubleMuTrail	2.100000	2.500000	32.000000	33.000000	0.904115
DoubleMuTrail	2.100000	2.500000	33.000000	35.000000	0.907788
DoubleMuTrail	2.100000	2.500000	35.000000	37.000000	0.902494
DoubleMuTrail	2.100000	2.500000	37.000000	39.000000	0.900253
DoubleMuTrail	2.100000	2.500000	39.000000	41.000000	0.907258
DoubleMuTrail	2.100000	2.500000	41.000000	43.000000	0.910859
DoubleMuTrail	2.100000	2.500000	43.000000	45.000000	0.910966
DoubleMuTrail	2.100000	2.500000	45.000000	47.000000	0.914358
DoubleMuTrail	2.100000	2.500000	47.000000	50.000000	0.913675
DoubleMuTrail	2.100000	2.500000	50.000000	55.000000	0.918575
DoubleMuTrail	2.100000	2.500000	55.000000	60.000000	0.916724
DoubleMuTrail	2.100000	2.500000	60.000000	65.000000	0.922668
DoubleMuTrail	2.100000	2.500000	65.000000	70.000000	0.914133
DoubleMuTrail	2.100000	2.500000	70.000000	90.000000	0.910174
DoubleMuTrail	2.100000	2.500000	90.000000	9999.000000	0.980103
